0 [333, 312, 309, 310, 316, 310, 309, 315, 311, 323, 323, 321, 322, 327, 341, 325, 341, 325, 327, 330, 332, 350, 336, 332, 340, 336, 334, 329, 341, 339, 362, 343, 341, 355, 367, 343, 347, 338, 347, 338, 351, 345, 343, 350, 434, 345, 340, 345, 340, 353]
1 [347, 323, 309, 311, 327, 352, 323, 322, 323, 322, 320, 319, 327, 362, 326, 329, 352, 343, 349, 326, 356, 331, 337, 358, 357, 333, 345, 338, 340, 371, 367, 392, 360, 350, 380, 375, 348, 347, 344, 349, 337, 339, 345, 346, 463, 342, 351, 362, 340, 362]
2 [358, 331, 335, 319, 334, 329, 321, 335, 330, 337, 342, 352, 331, 344, 329, 350, 345, 351, 386, 332, 384, 328, 334, 331, 368, 340, 355, 375, 351, 367, 377, 380, 368, 369, 380, 385, 349, 337, 359, 362, 352, 353, 410, 350, 458, 419, 365, 364, 346, 358]
3 [388, 336, 331, 331, 344, 325, 326, 331, 315, 360, 359, 337, 334, 341, 339, 347, 374, 387, 366, 352, 397, 342, 342, 340, 369, 336, 367, 378, 365, 355, 379, 429, 405, 387, 418, 370, 353, 346, 378, 357, 371, 359, 375, 351, 454, 390, 367, 365, 380, 364]
4 [357, 357, 320, 326, 350, 343, 339, 337, 345, 343, 336, 344, 337, 342, 350, 342, 371, 366, 362, 365, 393, 363, 342, 359, 366, 358, 366, 365, 372, 354, 380, 429, 408, 377, 417, 356, 357, 350, 377, 389, 393, 379, 377, 368, 470, 393, 387, 368, 404, 363]
5 [368, 381, 323, 343, 354, 350, 348, 335, 340, 341, 347, 336, 330, 342, 336, 359, 379, 358, 386, 382, 409, 371, 344, 383, 359, 343, 368, 359, 383, 401, 378, 427, 410, 360, 418, 356, 367, 357, 394, 367, 413, 382, 380, 401, 470, 418, 377, 382, 445, 392]
6 [374, 372, 324, 332, 361, 344, 353, 353, 403, 328, 365, 353, 362, 372, 360, 369, 389, 360, 384, 403, 399, 373, 344, 404, 377, 340, 405, 368, 396, 368, 394, 441, 392, 358, 409, 361, 376, 361, 400, 378, 389, 404, 397, 406, 453, 428, 406, 391, 450, 380]
7 [368, 373, 328, 340, 356, 345, 372, 350, 393, 334, 364, 344, 335, 354, 347, 368, 369, 364, 391, 397, 405, 388, 358, 390, 377, 357, 390, 368, 402, 365, 372, 521, 391, 364, 398, 369, 370, 361, 383, 381, 394, 391, 407, 412, 474, 422, 396, 386, 436, 397]
8 [388, 381, 331, 340, 370, 343, 347, 370, 377, 335, 356, 339, 350, 361, 363, 376, 378, 369, 391, 398, 408, 380, 341, 381, 369, 351, 394, 407, 387, 419, 371, 505, 391, 365, 468, 361, 375, 361, 390, 384, 409, 391, 410, 421, 455, 399, 389, 392, 397, 467]
9 [376, 391, 344, 343, 369, 364, 352, 384, 375, 372, 362, 350, 356, 382, 369, 379, 398, 366, 404, 413, 399, 364, 380, 399, 379, 347, 385, 381, 378, 410, 388, 512, 397, 371, 442, 370, 396, 371, 393, 389, 410, 421, 394, 422, 472, 408, 417, 394, 434, 406]
10 [378, 409, 333, 337, 372, 374, 354, 369, 363, 340, 362, 352, 377, 393, 361, 390, 406, 371, 437, 381, 394, 397, 347, 385, 382, 351, 389, 373, 395, 419, 408, 512, 394, 391, 442, 383, 390, 371, 412, 404, 423, 396, 392, 416, 479, 423, 443, 394, 481, 402]
11 [408, 421, 352, 359, 367, 344, 353, 351, 356, 354, 371, 350, 391, 426, 360, 405, 385, 362, 457, 385, 393, 367, 362, 394, 383, 398, 376, 404, 393, 396, 402, 465, 394, 379, 421, 385, 392, 395, 394, 414, 411, 397, 396, 409, 488, 431, 421, 432, 471, 399]
12 [386, 383, 332, 344, 374, 387, 364, 371, 376, 348, 371, 347, 383, 414, 400, 403, 395, 369, 435, 380, 398, 368, 373, 385, 371, 376, 371, 384, 399, 407, 455, 559, 412, 431, 440, 378, 407, 374, 397, 415, 436, 397, 384, 435, 470, 454, 420, 441, 453, 400]
13 [408, 384, 345, 358, 374, 387, 371, 378, 338, 378, 376, 357, 378, 407, 370, 398, 427, 371, 440, 367, 425, 392, 376, 391, 361, 376, 373, 394, 396, 377, 419, 485, 416, 421, 416, 379, 407, 382, 383, 405, 428, 397, 386, 438, 493, 430, 420, 442, 468, 422]
14 [386, 379, 351, 347, 371, 377, 360, 361, 343, 369, 386, 360, 408, 380, 361, 416, 420, 407, 431, 379, 396, 361, 376, 385, 373, 378, 381, 412, 392, 373, 467, 417, 409, 403, 418, 392, 404, 378, 384, 399, 429, 406, 387, 419, 573, 438, 411, 484, 445, 423]
15 [389, 379, 376, 346, 384, 394, 358, 365, 356, 374, 393, 359, 390, 398, 368, 400, 425, 410, 434, 387, 412, 361, 384, 394, 373, 383, 375, 407, 383, 379, 454, 409, 411, 434, 405, 402, 406, 382, 382, 400, 426, 399, 408, 416, 504, 430, 405, 490, 431, 433]
16 [386, 389, 366, 346, 404, 381, 376, 360, 352, 363, 378, 381, 384, 386, 403, 383, 387, 420, 429, 378, 425, 360, 384, 401, 388, 407, 390, 426, 379, 377, 433, 451, 405, 430, 418, 398, 407, 401, 399, 399, 437, 397, 422, 437, 483, 431, 404, 483, 433, 431]
17 [403, 380, 366, 390, 387, 382, 385, 369, 352, 364, 369, 365, 403, 421, 379, 389, 384, 384, 427, 361, 399, 366, 398, 403, 390, 413, 386, 397, 394, 378, 449, 463, 406, 421, 423, 408, 418, 385, 382, 413, 424, 399, 390, 405, 502, 431, 404, 507, 426, 428]
18 [383, 407, 376, 367, 390, 399, 377, 369, 391, 364, 371, 355, 372, 412, 384, 396, 394, 384, 428, 362, 398, 359, 390, 397, 385, 407, 392, 421, 393, 375, 441, 429, 427, 416, 443, 403, 398, 382, 383, 442, 425, 401, 391, 394, 453, 430, 388, 494, 438, 416]
19 [377, 397, 389, 366, 386, 384, 377, 371, 360, 381, 369, 359, 370, 386, 402, 388, 392, 393, 451, 381, 408, 367, 397, 387, 390, 417, 390, 393, 401, 370, 439, 431, 413, 398, 443, 424, 415, 382, 385, 408, 429, 405, 399, 412, 476, 423, 396, 486, 421, 426]
20 [375, 396, 397, 380, 419, 388, 376, 377, 352, 387, 374, 361, 363, 380, 386, 409, 378, 375, 445, 370, 403, 392, 395, 377, 394, 412, 400, 393, 384, 383, 456, 452, 413, 413, 436, 438, 406, 379, 386, 408, 428, 399, 387, 405, 487, 426, 416, 512, 409, 399]
21 [391, 400, 385, 370, 406, 404, 399, 380, 356, 396, 373, 360, 398, 387, 379, 405, 388, 371, 438, 378, 434, 356, 389, 385, 394, 432, 384, 404, 396, 394, 432, 460, 427, 437, 452, 421, 411, 386, 404, 401, 456, 396, 391, 393, 478, 415, 431, 490, 408, 403]
22 [376, 400, 387, 370, 408, 374, 383, 361, 358, 427, 387, 360, 389, 385, 404, 374, 380, 394, 456, 368, 414, 368, 389, 384, 394, 428, 377, 396, 386, 381, 438, 480, 427, 409, 440, 447, 428, 390, 391, 395, 455, 387, 396, 403, 549, 415, 420, 498, 404, 427]
23 [394, 400, 384, 375, 394, 371, 383, 358, 346, 425, 385, 364, 384, 376, 404, 390, 374, 391, 443, 368, 404, 421, 384, 390, 399, 424, 378, 384, 383, 386, 429, 470, 431, 411, 428, 441, 425, 386, 391, 400, 456, 388, 395, 399, 516, 419, 411, 501, 386, 415]
24 [375, 401, 394, 359, 394, 368, 385, 365, 352, 379, 404, 365, 417, 378, 419, 378, 386, 405, 447, 392, 402, 364, 403, 377, 402, 428, 380, 393, 391, 380, 447, 452, 431, 422, 435, 440, 426, 390, 387, 411, 430, 401, 436, 400, 493, 410, 413, 444, 403, 442]
25 [384, 403, 391, 362, 419, 383, 385, 361, 364, 379, 381, 380, 383, 397, 412, 389, 392, 399, 408, 418, 426, 361, 398, 381, 398, 414, 396, 409, 396, 401, 412, 445, 427, 395, 457, 455, 427, 398, 388, 400, 431, 398, 405, 399, 501, 415, 411, 457, 388, 426]
26 [391, 403, 390, 390, 377, 371, 375, 368, 357, 388, 379, 361, 394, 366, 403, 401, 370, 426, 384, 408, 428, 368, 400, 385, 420, 414, 386, 388, 389, 416, 431, 471, 443, 406, 453, 456, 425, 412, 391, 414, 426, 389, 394, 403, 486, 412, 416, 457, 386, 452]
27 [389, 404, 421, 368, 404, 366, 376, 370, 352, 396, 390, 361, 389, 402, 417, 386, 370, 394, 392, 405, 407, 382, 395, 384, 397, 410, 391, 399, 405, 427, 457, 468, 450, 431, 444, 469, 428, 420, 392, 408, 418, 390, 389, 408, 495, 413, 410, 415, 383, 441]
28 [379, 399, 390, 367, 387, 367, 375, 365, 357, 412, 378, 371, 378, 372, 416, 383, 374, 435, 375, 399, 419, 377, 398, 379, 394, 406, 378, 395, 376, 396, 415, 456, 466, 421, 439, 454, 425, 419, 395, 400, 401, 415, 395, 400, 510, 416, 415, 431, 412, 424]
29 [378, 392, 422, 386, 396, 365, 384, 367, 363, 393, 374, 377, 393, 390, 433, 400, 386, 422, 376, 430, 417, 380, 388, 378, 401, 424, 405, 399, 393, 387, 432, 496, 446, 454, 431, 437, 447, 409, 396, 400, 401, 394, 405, 397, 585, 417, 409, 431, 460, 406]
30 [376, 395, 399, 375, 386, 366, 384, 383, 362, 393, 379, 385, 389, 381, 417, 391, 383, 397, 381, 396, 427, 377, 395, 375, 418, 412, 384, 422, 393, 422, 429, 493, 445, 417, 454, 423, 439, 399, 396, 416, 396, 417, 407, 395, 498, 439, 438, 434, 417, 408]
31 [386, 395, 392, 404, 386, 364, 406, 367, 368, 398, 377, 386, 388, 381, 420, 420, 407, 396, 380, 425, 429, 391, 400, 374, 418, 415, 385, 399, 407, 438, 413, 473, 440, 409, 455, 425, 464, 406, 413, 440, 397, 398, 409, 401, 498, 441, 450, 430, 439, 404]
32 [378, 396, 393, 389, 383, 366, 395, 383, 364, 422, 381, 386, 387, 373, 432, 408, 409, 402, 377, 399, 425, 405, 398, 376, 397, 416, 377, 408, 394, 417, 415, 475, 425, 410, 459, 418, 471, 407, 396, 417, 411, 398, 446, 401, 543, 421, 442, 424, 450, 423]
33 [393, 403, 392, 388, 377, 381, 386, 362, 374, 406, 407, 373, 397, 385, 418, 416, 397, 403, 379, 391, 433, 457, 392, 375, 405, 419, 380, 441, 423, 430, 423, 474, 431, 408, 484, 401, 448, 409, 396, 416, 397, 398, 446, 401, 544, 416, 442, 414, 454, 402]
34 [385, 423, 394, 389, 374, 373, 386, 368, 364, 404, 395, 372, 413, 379, 417, 410, 414, 395, 379, 392, 437, 445, 387, 390, 404, 419, 375, 461, 398, 400, 422, 440, 435, 441, 469, 404, 448, 407, 401, 428, 395, 409, 430, 406, 520, 454, 439, 418, 441, 401]
35 [387, 447, 383, 388, 397, 361, 384, 373, 388, 403, 406, 374, 385, 393, 426, 407, 400, 402, 390, 389, 421, 440, 386, 390, 409, 420, 393, 408, 425, 392, 432, 429, 431, 445, 470, 417, 456, 410, 440, 412, 397, 404, 444, 406, 461, 441, 442, 431, 423, 413]
36 [380, 431, 373, 405, 384, 380, 386, 369, 366, 406, 417, 382, 397, 386, 406, 404, 405, 411, 397, 397, 427, 432, 388, 387, 426, 410, 382, 413, 421, 409, 437, 390, 409, 464, 443, 422, 451, 408, 439, 419, 411, 399, 430, 408, 469, 444, 436, 431, 415, 395]
37 [379, 432, 386, 396, 381, 370, 395, 380, 378, 395, 393, 371, 423, 388, 398, 408, 391, 395, 408, 395, 434, 432, 388, 383, 409, 416, 386, 413, 428, 407, 433, 403, 407, 432, 438, 414, 449, 415, 434, 415, 389, 399, 400, 409, 531, 420, 408, 463, 416, 389]
38 [383, 427, 371, 393, 378, 365, 371, 372, 367, 395, 401, 373, 414, 376, 408, 402, 397, 417, 383, 387, 416, 417, 386, 382, 412, 431, 385, 409, 415, 403, 464, 396, 430, 445, 481, 415, 438, 406, 430, 414, 392, 399, 406, 411, 543, 414, 415, 421, 390, 393]
39 [384, 404, 372, 399, 369, 365, 372, 371, 379, 398, 402, 385, 419, 383, 413, 427, 395, 424, 390, 388, 408, 415, 387, 400, 408, 421, 395, 424, 426, 416, 412, 396, 410, 440, 439, 417, 431, 422, 429, 424, 389, 399, 413, 412, 477, 420, 402, 422, 396, 388]
40 [381, 404, 383, 383, 375, 389, 380, 380, 374, 428, 401, 405, 420, 382, 412, 408, 394, 401, 383, 372, 406, 414, 430, 404, 424, 403, 391, 410, 430, 380, 433, 396, 420, 412, 475, 424, 430, 416, 426, 412, 391, 414, 410, 414, 482, 431, 408, 425, 393, 430]
41 [384, 402, 373, 381, 373, 373, 393, 372, 383, 404, 396, 412, 426, 399, 402, 417, 396, 396, 379, 412, 419, 427, 407, 404, 415, 407, 406, 439, 418, 426, 412, 397, 402, 404, 466, 407, 429, 411, 438, 428, 405, 414, 408, 415, 493, 418, 406, 416, 391, 426]
42 [387, 421, 376, 383, 398, 405, 369, 395, 375, 409, 400, 416, 408, 390, 407, 413, 389, 434, 381, 395, 401, 429, 397, 382, 420, 397, 411, 415, 426, 407, 412, 394, 398, 409, 466, 415, 428, 401, 422, 412, 392, 415, 400, 410, 474, 424, 394, 415, 391, 405]
43 [412, 403, 377, 382, 388, 405, 370, 380, 414, 445, 400, 398, 437, 381, 388, 410, 422, 411, 379, 404, 405, 442, 404, 380, 436, 414, 424, 412, 439, 432, 416, 395, 395, 404, 449, 414, 432, 391, 426, 413, 393, 413, 395, 408, 452, 422, 393, 415, 401, 416]
44 [391, 407, 377, 407, 389, 382, 366, 392, 360, 393, 411, 395, 424, 403, 392, 414, 411, 430, 381, 409, 408, 417, 418, 382, 416, 414, 396, 405, 417, 403, 409, 386, 395, 406, 438, 414, 442, 394, 407, 413, 390, 409, 435, 413, 463, 427, 393, 415, 397, 448]
45 [389, 410, 365, 385, 384, 390, 381, 375, 361, 390, 461, 413, 423, 382, 432, 398, 396, 424, 382, 405, 406, 415, 381, 403, 410, 400, 399, 434, 433, 431, 412, 382, 400, 439, 441, 413, 431, 402, 415, 412, 387, 408, 409, 410, 531, 428, 394, 433, 427, 427]
46 [390, 404, 365, 365, 381, 382, 365, 386, 381, 392, 434, 418, 438, 382, 410, 418, 413, 413, 381, 425, 385, 423, 378, 381, 438, 409, 406, 435, 417, 393, 432, 395, 397, 441, 433, 428, 434, 398, 385, 420, 406, 410, 417, 409, 488, 444, 406, 437, 427, 409]
47 [383, 403, 388, 390, 389, 375, 384, 406, 374, 383, 427, 402, 439, 402, 414, 406, 409, 472, 399, 419, 417, 437, 392, 384, 420, 404, 399, 447, 420, 406, 435, 382, 397, 445, 454, 424, 449, 399, 402, 417, 409, 422, 426, 414, 476, 421, 389, 419, 422, 411]
48 [372, 408, 364, 368, 409, 374, 364, 379, 370, 386, 424, 390, 429, 392, 399, 432, 431, 439, 386, 409, 387, 429, 377, 397, 424, 389, 402, 435, 422, 386, 427, 385, 404, 439, 456, 425, 432, 399, 385, 438, 406, 404, 412, 425, 449, 424, 392, 429, 420, 426]
49 [413, 406, 365, 367, 389, 380, 358, 390, 402, 386, 420, 393, 441, 415, 417, 400, 422, 432, 378, 447, 390, 430, 384, 382, 418, 380, 410, 438, 416, 393, 418, 387, 396, 450, 442, 437, 428, 399, 402, 419, 409, 409, 470, 418, 496, 423, 413, 423, 428, 450]
50 [388, 413, 364, 367, 389, 388, 374, 415, 364, 385, 425, 389, 438, 404, 421, 391, 410, 439, 379, 427, 392, 449, 393, 388, 425, 374, 412, 436, 403, 395, 445, 384, 398, 434, 436, 443, 425, 425, 385, 420, 389, 408, 419, 434, 522, 422, 407, 434, 419, 414]
51 [389, 433, 375, 365, 393, 395, 359, 412, 361, 408, 425, 387, 441, 388, 441, 407, 413, 435, 383, 422, 391, 467, 400, 386, 418, 376, 402, 416, 430, 396, 461, 386, 404, 435, 438, 461, 429, 395, 385, 424, 394, 393, 413, 426, 480, 422, 404, 410, 432, 417]
52 [386, 445, 363, 361, 389, 395, 354, 462, 372, 383, 436, 387, 434, 385, 438, 396, 410, 438, 404, 430, 404, 427, 392, 392, 441, 376, 417, 418, 416, 423, 443, 387, 410, 433, 438, 461, 432, 387, 385, 427, 401, 393, 414, 433, 547, 419, 406, 408, 438, 448]
53 [384, 428, 364, 365, 385, 376, 367, 434, 392, 365, 408, 403, 434, 392, 430, 395, 424, 457, 392, 427, 423, 430, 418, 388, 438, 376, 403, 420, 415, 467, 439, 386, 417, 428, 434, 460, 442, 386, 385, 423, 388, 405, 417, 425, 513, 409, 422, 413, 426, 439]
54 [388, 416, 364, 360, 399, 385, 365, 456, 362, 370, 456, 387, 439, 387, 443, 405, 437, 442, 393, 404, 398, 431, 407, 386, 438, 403, 408, 427, 429, 414, 442, 387, 418, 450, 426, 468, 423, 387, 385, 426, 402, 416, 428, 424, 505, 412, 454, 411, 426, 448]
55 [400, 420, 374, 359, 398, 380, 369, 431, 382, 355, 454, 408, 391, 386, 428, 404, 428, 441, 378, 402, 400, 445, 401, 382, 423, 393, 414, 439, 427, 420, 463, 388, 410, 480, 471, 468, 407, 385, 407, 411, 384, 410, 424, 424, 492, 429, 455, 409, 425, 412]
56 [409, 446, 396, 360, 407, 390, 378, 433, 365, 357, 452, 379, 405, 392, 401, 396, 450, 444, 401, 409, 399, 442, 412, 399, 427, 407, 406, 445, 436, 414, 450, 397, 403, 528, 454, 471, 405, 386, 384, 412, 386, 399, 434, 488, 466, 437, 463, 413, 426, 416]
57 [409, 419, 376, 361, 393, 398, 379, 433, 379, 361, 421, 376, 419, 397, 391, 389, 436, 429, 416, 405, 425, 446, 410, 380, 427, 387, 401, 403, 426, 415, 423, 409, 404, 446, 440, 470, 404, 385, 384, 402, 393, 410, 445, 495, 455, 411, 421, 416, 440, 423]
58 [408, 427, 389, 373, 412, 375, 385, 443, 380, 359, 413, 375, 417, 381, 406, 383, 415, 447, 420, 407, 396, 432, 405, 390, 430, 393, 388, 400, 421, 433, 421, 412, 404, 468, 433, 485, 451, 404, 383, 405, 388, 407, 440, 492, 464, 406, 419, 454, 440, 428]
59 [410, 400, 390, 361, 393, 378, 374, 431, 386, 366, 421, 392, 427, 395, 403, 400, 440, 447, 405, 430, 404, 448, 413, 385, 423, 390, 435, 397, 437, 413, 432, 417, 402, 468, 440, 442, 426, 399, 383, 404, 385, 402, 423, 457, 476, 427, 435, 459, 439, 418]
60 [423, 402, 405, 362, 404, 405, 379, 426, 378, 365, 415, 408, 406, 390, 382, 381, 418, 456, 403, 414, 413, 477, 415, 395, 430, 389, 388, 406, 493, 426, 433, 414, 422, 442, 464, 468, 429, 390, 393, 426, 385, 390, 430, 480, 477, 412, 412, 439, 448, 412]
61 [418, 426, 400, 364, 387, 385, 397, 516, 384, 364, 425, 413, 415, 403, 386, 403, 436, 424, 394, 410, 413, 441, 440, 399, 420, 401, 386, 409, 446, 415, 451, 414, 403, 427, 440, 455, 447, 390, 402, 406, 394, 390, 431, 440, 524, 413, 437, 436, 444, 438]
62 [419, 414, 383, 394, 383, 371, 383, 426, 387, 368, 427, 412, 414, 391, 412, 391, 414, 446, 396, 412, 414, 447, 404, 423, 463, 392, 408, 446, 447, 400, 425, 404, 404, 493, 434, 426, 449, 391, 402, 405, 403, 389, 432, 424, 490, 418, 448, 437, 448, 418]
63 [403, 425, 385, 367, 391, 387, 379, 459, 380, 389, 431, 398, 399, 417, 410, 374, 410, 433, 397, 400, 419, 420, 423, 453, 428, 391, 391, 393, 437, 414, 450, 399, 396, 459, 462, 429, 444, 402, 401, 410, 395, 415, 436, 488, 476, 410, 430, 444, 447, 444]
64 [399, 396, 387, 387, 375, 363, 381, 430, 384, 419, 445, 432, 407, 431, 398, 385, 394, 406, 403, 416, 415, 426, 408, 425, 424, 380, 393, 408, 442, 402, 467, 376, 411, 460, 442, 454, 442, 433, 392, 408, 396, 393, 437, 500, 474, 407, 432, 457, 447, 429]
65 [395, 395, 384, 383, 375, 365, 396, 398, 383, 400, 444, 416, 410, 427, 424, 392, 392, 407, 393, 373, 415, 413, 437, 445, 427, 396, 420, 411, 465, 404, 462, 378, 403, 460, 488, 436, 414, 390, 394, 410, 415, 395, 436, 465, 522, 406, 450, 439, 449, 480]
66 [412, 395, 406, 405, 375, 387, 375, 399, 403, 431, 451, 433, 414, 440, 431, 394, 389, 425, 392, 391, 414, 428, 437, 435, 417, 389, 423, 413, 496, 403, 424, 379, 404, 416, 464, 436, 414, 394, 394, 405, 416, 401, 445, 430, 495, 429, 426, 446, 454, 468]
67 [384, 397, 384, 414, 376, 372, 391, 397, 382, 404, 424, 404, 429, 432, 394, 386, 385, 414, 392, 406, 429, 412, 440, 428, 424, 381, 450, 460, 475, 405, 423, 378, 404, 430, 484, 435, 415, 389, 398, 408, 424, 402, 465, 421, 501, 405, 436, 436, 432, 456]
68 [387, 396, 371, 469, 385, 384, 374, 408, 397, 406, 428, 390, 414, 410, 417, 395, 405, 395, 385, 386, 413, 417, 449, 427, 416, 402, 444, 461, 500, 403, 438, 377, 405, 414, 480, 438, 421, 398, 400, 416, 424, 418, 451, 415, 477, 408, 438, 454, 433, 471]
69 [384, 389, 371, 429, 376, 377, 370, 413, 421, 407, 430, 394, 408, 413, 442, 408, 398, 393, 376, 385, 421, 423, 444, 449, 441, 388, 457, 452, 499, 417, 428, 392, 409, 423, 458, 438, 414, 399, 413, 402, 423, 402, 468, 427, 499, 409, 440, 449, 439, 459]
70 [372, 377, 371, 419, 378, 381, 389, 402, 413, 422, 435, 393, 415, 421, 427, 406, 398, 385, 390, 382, 415, 420, 410, 438, 409, 398, 421, 475, 490, 409, 431, 411, 409, 528, 434, 439, 418, 410, 399, 402, 423, 401, 477, 423, 469, 410, 442, 433, 432, 480]
71 [371, 381, 373, 409, 358, 388, 388, 395, 416, 413, 402, 410, 421, 392, 407, 413, 397, 384, 405, 378, 414, 412, 419, 425, 383, 411, 421, 479, 472, 394, 468, 439, 412, 430, 466, 436, 414, 389, 379, 405, 425, 401, 450, 421, 484, 401, 421, 470, 447, 459]
72 [372, 394, 382, 417, 356, 387, 375, 394, 412, 409, 409, 404, 434, 387, 420, 402, 414, 414, 385, 384, 446, 434, 411, 401, 387, 394, 428, 464, 470, 414, 450, 434, 396, 424, 444, 437, 418, 389, 379, 407, 425, 405, 450, 426, 476, 428, 442, 480, 440, 440]
73 [384, 373, 372, 409, 372, 371, 370, 395, 429, 419, 427, 417, 441, 390, 403, 402, 401, 389, 387, 385, 427, 413, 408, 419, 388, 403, 413, 475, 454, 428, 466, 397, 413, 418, 436, 436, 426, 389, 391, 407, 428, 420, 464, 418, 504, 414, 438, 479, 413, 444]
74 [372, 390, 374, 387, 381, 373, 363, 408, 382, 393, 392, 430, 451, 389, 405, 432, 406, 376, 411, 413, 439, 412, 408, 410, 386, 422, 417, 453, 472, 416, 458, 408, 405, 422, 429, 441, 431, 392, 379, 408, 441, 414, 469, 415, 509, 409, 420, 482, 414, 440]
75 [390, 385, 372, 389, 378, 372, 366, 392, 380, 385, 389, 405, 438, 374, 450, 414, 404, 386, 398, 379, 442, 415, 410, 390, 399, 423, 417, 445, 420, 410, 451, 408, 405, 406, 442, 434, 425, 402, 379, 414, 426, 407, 448, 403, 460, 409, 442, 477, 422, 443]
76 [381, 401, 379, 383, 367, 371, 363, 387, 400, 392, 430, 384, 432, 379, 461, 442, 422, 400, 398, 376, 432, 414, 379, 396, 386, 407, 412, 452, 435, 420, 428, 409, 403, 403, 452, 431, 434, 402, 386, 404, 415, 395, 500, 405, 479, 414, 436, 482, 407, 438]
77 [381, 396, 386, 376, 368, 373, 363, 392, 379, 363, 404, 393, 455, 372, 426, 416, 429, 390, 403, 415, 437, 398, 390, 403, 383, 404, 411, 445, 410, 406, 419, 404, 421, 415, 484, 417, 426, 401, 381, 405, 413, 411, 479, 407, 470, 409, 438, 505, 411, 523]
78 [373, 385, 398, 376, 367, 374, 363, 396, 373, 364, 398, 379, 430, 401, 427, 436, 410, 406, 407, 400, 470, 407, 382, 404, 397, 397, 415, 470, 409, 421, 452, 396, 404, 442, 428, 414, 428, 400, 383, 402, 415, 395, 458, 415, 499, 415, 436, 495, 403, 514]
79 [388, 391, 381, 382, 367, 383, 364, 394, 387, 363, 392, 386, 396, 374, 421, 427, 428, 397, 392, 395, 463, 412, 389, 396, 385, 397, 407, 445, 447, 408, 488, 397, 411, 440, 448, 414, 430, 415, 391, 403, 415, 401, 447, 411, 490, 418, 427, 490, 404, 508]
80 [373, 393, 385, 384, 371, 393, 370, 393, 371, 362, 397, 377, 392, 371, 425, 398, 407, 401, 388, 417, 446, 403, 383, 388, 385, 391, 434, 447, 432, 405, 474, 403, 420, 464, 431, 420, 431, 402, 382, 412, 426, 390, 454, 411, 452, 424, 440, 487, 400, 431]
81 [374, 380, 396, 379, 387, 365, 386, 415, 369, 369, 399, 377, 397, 358, 463, 394, 404, 380, 401, 408, 434, 397, 386, 387, 395, 397, 422, 469, 428, 404, 495, 384, 424, 438, 442, 417, 422, 390, 385, 439, 412, 397, 465, 410, 468, 431, 433, 482, 414, 428]
82 [375, 379, 405, 380, 378, 355, 373, 399, 368, 377, 401, 366, 384, 376, 434, 403, 402, 415, 387, 399, 445, 414, 373, 391, 376, 400, 406, 444, 438, 428, 477, 382, 441, 441, 455, 428, 434, 389, 405, 411, 429, 419, 441, 400, 450, 418, 429, 492, 411, 432]
83 [375, 354, 378, 372, 378, 349, 376, 416, 377, 391, 396, 368, 383, 379, 420, 392, 405, 379, 393, 427, 437, 403, 382, 383, 397, 398, 423, 471, 418, 400, 498, 382, 432, 489, 467, 425, 447, 398, 411, 399, 418, 411, 425, 400, 455, 415, 437, 488, 410, 417]
84 [389, 366, 382, 373, 390, 349, 366, 406, 380, 380, 395, 367, 400, 375, 419, 431, 425, 381, 413, 448, 442, 404, 391, 385, 400, 399, 405, 481, 424, 412, 470, 382, 423, 445, 473, 429, 433, 396, 447, 411, 420, 394, 416, 395, 477, 415, 464, 483, 403, 455]
85 [387, 354, 380, 372, 421, 349, 366, 407, 386, 388, 419, 399, 399, 379, 425, 397, 402, 395, 386, 418, 415, 406, 391, 375, 403, 400, 409, 478, 411, 401, 481, 407, 427, 435, 431, 420, 433, 389, 415, 411, 428, 402, 413, 395, 460, 425, 440, 473, 405, 481]
86 [377, 358, 381, 354, 394, 349, 370, 401, 392, 376, 387, 413, 405, 400, 434, 405, 403, 388, 406, 416, 434, 390, 399, 393, 399, 411, 409, 438, 424, 398, 474, 409, 481, 407, 420, 400, 433, 389, 427, 408, 428, 399, 420, 409, 479, 409, 442, 474, 407, 442]
87 [394, 354, 391, 354, 391, 350, 369, 398, 369, 375, 378, 425, 410, 391, 441, 399, 421, 383, 401, 422, 427, 380, 393, 389, 397, 390, 409, 428, 410, 394, 472, 406, 473, 420, 414, 397, 423, 390, 427, 435, 441, 400, 429, 414, 486, 407, 441, 473, 407, 471]
88 [371, 354, 393, 354, 398, 349, 370, 392, 386, 378, 379, 412, 397, 410, 442, 395, 403, 393, 391, 418, 421, 376, 388, 404, 420, 386, 425, 419, 412, 394, 510, 405, 431, 465, 414, 412, 414, 398, 415, 412, 434, 422, 421, 418, 450, 408, 467, 467, 401, 450]
89 [387, 355, 381, 382, 395, 355, 400, 391, 370, 382, 375, 404, 398, 382, 401, 389, 417, 394, 410, 426, 429, 402, 419, 397, 403, 391, 422, 416, 442, 413, 503, 413, 437, 451, 419, 419, 411, 382, 430, 403, 430, 409, 420, 461, 451, 407, 477, 459, 400, 425]
90 [372, 354, 373, 369, 392, 350, 389, 378, 362, 381, 378, 410, 433, 380, 405, 428, 397, 386, 406, 408, 411, 376, 388, 384, 396, 376, 410, 409, 424, 411, 466, 415, 448, 429, 451, 408, 411, 388, 407, 396, 430, 401, 419, 462, 457, 422, 508, 458, 396, 402]
91 [370, 364, 372, 373, 409, 352, 408, 401, 382, 386, 379, 383, 407, 382, 422, 397, 412, 388, 402, 407, 403, 378, 375, 386, 409, 376, 423, 412, 429, 398, 468, 408, 434, 411, 474, 426, 404, 395, 407, 402, 450, 405, 411, 480, 472, 427, 514, 459, 394, 450]
92 [372, 356, 372, 362, 386, 350, 418, 373, 414, 384, 367, 393, 408, 392, 407, 406, 407, 402, 399, 404, 394, 402, 362, 390, 415, 392, 422, 415, 419, 393, 487, 411, 442, 432, 448, 408, 389, 395, 404, 396, 434, 419, 400, 457, 498, 428, 528, 445, 392, 409]
93 [366, 351, 369, 368, 385, 352, 405, 387, 360, 380, 375, 401, 393, 391, 406, 417, 389, 388, 396, 382, 407, 392, 359, 377, 399, 383, 417, 434, 425, 384, 457, 415, 476, 412, 425, 406, 404, 399, 403, 395, 439, 435, 412, 429, 468, 427, 469, 435, 393, 421]
94 [392, 353, 369, 386, 386, 351, 393, 369, 367, 385, 370, 389, 378, 381, 393, 413, 391, 393, 406, 406, 390, 395, 357, 376, 387, 367, 430, 429, 428, 404, 437, 408, 445, 410, 415, 408, 388, 382, 409, 401, 467, 418, 408, 423, 483, 434, 463, 445, 385, 414]
95 [360, 360, 368, 370, 387, 367, 389, 399, 381, 383, 379, 389, 373, 379, 398, 413, 411, 414, 400, 401, 390, 395, 365, 400, 388, 369, 421, 413, 461, 374, 465, 404, 439, 421, 439, 413, 387, 376, 405, 410, 445, 417, 390, 446, 506, 458, 440, 430, 381, 448]
96 [361, 375, 363, 370, 397, 340, 396, 368, 375, 358, 391, 359, 395, 379, 368, 397, 401, 377, 412, 381, 397, 386, 367, 393, 392, 387, 422, 403, 417, 395, 444, 400, 428, 468, 446, 428, 394, 376, 379, 409, 445, 417, 389, 438, 480, 431, 425, 456, 379, 387]
97 [370, 362, 365, 370, 386, 360, 375, 382, 375, 354, 368, 358, 377, 359, 380, 401, 417, 400, 388, 390, 388, 393, 369, 384, 388, 370, 430, 405, 395, 398, 433, 407, 411, 455, 447, 439, 407, 376, 396, 416, 409, 410, 386, 444, 471, 439, 448, 451, 380, 404]
98 [357, 374, 375, 369, 390, 341, 394, 378, 378, 355, 392, 344, 371, 375, 372, 399, 390, 410, 411, 382, 387, 390, 371, 406, 406, 366, 428, 395, 401, 409, 425, 394, 424, 428, 432, 447, 379, 377, 380, 407, 403, 395, 395, 473, 477, 429, 432, 428, 380, 426]
99 [358, 364, 364, 364, 433, 350, 385, 368, 391, 351, 372, 345, 363, 369, 371, 372, 420, 404, 441, 387, 388, 398, 398, 385, 397, 360, 424, 387, 425, 411, 449, 390, 414, 411, 450, 451, 391, 385, 376, 407, 415, 395, 400, 394, 444, 408, 401, 423, 410, 459]
100 [352, 359, 364, 380, 424, 341, 366, 362, 369, 346, 411, 355, 384, 379, 371, 381, 389, 406, 398, 396, 398, 389, 369, 413, 380, 362, 413, 387, 391, 395, 441, 388, 428, 413, 433, 426, 377, 383, 376, 418, 397, 392, 398, 390, 521, 415, 437 , 433, 401, 410]
101 [351, 373, 360, 363, 394, 347, 371, 396, 400, 365, 400, 357, 355, 364, 375, 378, 387, 402, 391, 396, 387, 385, 405, 401, 388, 364, 416, 382, 403, 397, 475, 403, 475, 421, 416, 416, 396, 383, 370, 405, 388, 410, 399, 375, 486, 405, 436 , 404, 399, 413]
102 [348, 358, 322, 360, 392, 343, 369, 378, 372, 366, 369, 361, 371, 348, 377, 368, 394, 396, 384, 364, 385, 384, 382, 395, 379, 369, 422, 381, 420, 421, 416, 401, 492, 416, 405, 415, 396, 385, 374, 395, 403, 400, 429, 387, 494, 392, 396 , 400, 374, 409]
103 [345, 355, 322, 360, 385, 341, 369, 385, 381, 363, 347, 363, 356, 344, 375, 359, 385, 384, 393, 354, 399, 379, 363, 419, 371, 373, 417, 370, 396, 436, 439, 383, 434, 399, 397, 442, 393, 387, 360, 395, 406, 393, 406, 372, 471, 392, 400 , 396, 385, 401]
104 [344, 363, 321, 359, 387, 342, 375, 384, 365, 380, 351, 382, 366, 358, 368, 396, 382, 368, 401, 389, 381, 384, 369, 399, 384, 364, 379, 375, 393, 416, 460, 381, 437, 407, 429, 442, 388, 377, 361, 394, 398, 392, 375, 376, 508, 394, 401 , 392, 385, 405]
105 [331, 365, 351, 355, 352, 348, 359, 348, 353, 352, 347, 362, 372, 334, 404, 384, 376, 398, 394, 351, 392, 378, 366, 392, 369, 362, 403, 363, 427, 393, 417, 381, 443, 401, 424, 436, 405, 367, 366, 392, 400, 397, 374, 401, 517, 414, 417 , 380, 389, 399]
106 [354, 351, 335, 371, 340, 349, 374, 354, 353, 353, 361, 370, 358, 350, 371, 358, 399, 364, 450, 347, 386, 383, 355, 391, 386, 377, 381, 374, 372, 367, 411, 371, 425, 373, 456, 438, 395, 377, 362, 392, 408, 392, 380, 370, 483, 422, 385 , 385, 389, 399]
107 [331, 348, 338, 369, 343, 332, 365, 359, 332, 346, 341, 337, 347, 335, 374, 359, 404, 344, 355, 351, 379, 384, 358, 366, 368, 355, 381, 376, 361, 364, 393, 363, 400, 373, 414, 437, 413, 373, 379, 371, 403, 377, 395, 369, 489, 411, 384 , 374, 375, 410]
108 [331, 337, 335, 355, 335, 333, 365, 366, 331, 340, 339, 354, 344, 343, 373, 358, 356, 340, 344, 356, 367, 379, 351, 387, 385, 376, 383, 379, 354, 375, 392, 362, 388, 364, 422, 436, 397, 356, 368, 371, 386, 380, 373, 372, 457, 409, 371 , 364, 402, 402]
109 [332, 342, 342, 355, 341, 332, 349, 352, 337, 354, 326, 341, 335, 341, 344, 359, 357, 346, 354, 357, 368, 375, 359, 372, 370, 372, 378, 364, 370, 359, 392, 368, 393, 361, 366, 428, 392, 366, 359, 379, 377, 368, 363, 372, 465, 404, 374 , 359, 398, 423]
110 [323, 325, 336, 350, 321, 332, 332, 355, 327, 336, 321, 335, 326, 316, 350, 337, 340, 335, 337, 354, 355, 348, 335, 344, 343, 332, 362, 359, 361, 355, 356, 373, 378, 363, 359, 339, 341, 344, 349, 378, 360, 362, 367, 366, 436, 386, 372 , 362, 402, 360]
111 [316, 311, 316, 319, 317, 314, 313, 356, 330, 328, 318, 334, 330, 324, 355, 320, 337, 329, 347, 343, 354, 334, 364, 329, 338, 340, 367, 352, 342, 350, 348, 354, 358, 375, 351, 342, 351, 337, 347, 372, 379, 351, 349, 375, 540, 374, 366 , 352, 391, 377]
